#PDF_modus: 1 
#shear?: 1  
0.0 0.0765020683710376 
0.01 0.07308832785939973 
0.02 0.07241198319833586 
0.03 0.07447303438784597 
0.04 0.07927148142793007 
0.05 0.08680732431858816 
0.06 0.09708056305982024 
0.07 0.11009119765162631 
0.08 0.12583922809400636 
0.09 0.1443246543869604 
0.1 0.16554747653048846 
0.11 0.18950769452459043 
0.12 0.21620530836926616 
0.13 0.24909921892377818 
0.14 0.2663641315318371 
0.15 0.3167805911658845 
0.16 0.35715556137504145 
0.17 0.3919527418880678 
0.18 0.4140671811478166 
0.19 0.4406494657770193 
0.2 0.45219005835879905 
0.21 0.4701998089374021 
0.22 0.5027806729849145 
0.23 0.5880685099299185 
0.24 0.6865470253440309 
0.25 0.7429958783288749 
0.26 0.8319893597127073 
0.27 1.0498881129635906 
0.28 1.2672451866897017 
0.29 1.4077023332928995 
0.3 1.5577797127990614 
0.31 1.6680283138592322 
0.32 1.7922968151810972 
0.33 1.9070653366852275 
0.34 2.021437912426446 
0.35000000000000003 2.108877417859333 
0.36 2.174506782164014 
0.37 2.2028964124682835 
0.38 2.2155289973138785 
0.39 2.2416638194834304 
0.4 2.2403386029704526 
0.41000000000000003 2.1864452289806784 
0.42 2.141836367472554 
0.43 2.1342919394598328 
0.44 2.1087581972754186 
0.45 2.0657049494920363 
0.46 2.0447877189669565 
0.47000000000000003 2.009425844312751 
0.48 1.9682758834637628 
0.49 1.939987381660993 
0.5 2.009613384782438 
0.51 2.1131040989475296 
0.52 2.128461475709067 
0.53 2.03660614484729 
0.54 1.908576744866654 
0.55 1.8622447373912645 
0.56 1.8738071031684862 
0.5700000000000001 1.8379497372567977 
0.58 1.7300268527907128 
0.59 1.6401595463188419 
0.6 1.5548211631775044 
0.61 1.5266372084034159 
0.62 1.4440224028544557 
0.63 1.3851275122757385 
0.64 1.3361291463016287 
0.65 1.2670853092817487 
0.66 1.2351637000282747 
0.67 1.1893659090151463 
0.68 1.1020095454475813 
0.6900000000000001 0.9962001459569982 
0.7000000000000001 0.9140124885408176 
0.71 0.8126012740674677 
0.72 0.7497140725432729 
0.73 0.6967947150520605 
0.74 0.6455533354288459 
0.75 0.5932649473961078 
0.76 0.5274333060473465 
0.77 0.402539029549299 
0.78 0.3210207308052241 
0.79 0.3703066324731123 
0.8 0.357476869378207 
0.81 0.30041977146641624 
0.8200000000000001 0.24868254651852578 
0.8300000000000001 0.268836145355501 
0.84 0.259797822975017 
0.85 0.24252684159180274 
0.86 0.22989932590743312 
0.87 0.2278452563036703 
0.88 0.22105237461706026 
0.89 0.2046288587725028 
0.9 0.1881476476050679 
0.91 0.17592965220106666 
0.92 0.16676351263532696 
0.93 0.15802304818472435 
0.9400000000000001 0.15017230059961806 
0.9500000000000001 0.1406673398967636 
0.96 0.1365357557577957 
0.97 0.13126310382061315 
0.98 0.1262525872231576 
0.99 0.12868845694449071 
1.0 0.12110561451208614 
1.01 0.11120467745047946 
1.02 0.10896450320678377 
1.03 0.10396914721792166 
1.04 0.09532621326475726 
1.05 0.08587514086744247 
1.06 0.09078874088429936 
1.07 0.08895357091655062 
1.08 0.08938892853066668 
1.09 0.08713874238921568 
1.1 0.08777354359762121 
1.11 0.08910085292444499 
1.12 0.08964965238489944 
1.1300000000000001 0.0918565367313018 
1.1400000000000001 0.0906856038073505 
1.1500000000000001 0.0945573696869557 
1.16 0.10005018628018783 
1.17 0.10381720900179557 
1.18 0.10534470063658737 
1.19 0.10435299460149107 
1.2 0.10317818191078854 
1.21 0.10136372781367536 
1.22 0.0973292648156914 
1.23 0.0928822173630484 
1.24 0.08994898731166531 
1.25 0.08573203730207128 
1.26 0.07898071652152033 
1.27 0.07221532933902237 
1.28 0.06645020427546672 
1.29 0.05930655032682982 
1.3 0.05753537636140771 
1.31 0.05230090291315792 
1.32 0.04653209991034758 
1.33 0.041569967176515524 
1.34 0.039744992494124824 
1.35 0.03743166481319199 
1.36 0.034439067743727896 
1.37 0.03224202117363175 
1.3800000000000001 0.032617771824232374 
1.3900000000000001 0.041134887808149674 
1.4000000000000001 0.047323262130749534 
1.41 0.049750111346557366 
1.42 0.0508403512927717 
1.43 0.05068593642361304 
1.44 0.04934756723554205 
1.45 0.04715675139700988 
1.46 0.0445000151973864 
1.47 0.042009654812649566 
1.48 0.0391924427042221 
1.49 0.03616318954388141 
1.5 0.03247059375378695 
1.51 0.028566033203755274 
1.52 0.02567823475923584 
1.53 0.023995862973712118 
1.54 0.023153178635928962 
1.55 0.022287815432345575 
1.56 0.021229237838242477 
1.57 0.02064663981489826 
1.58 0.02034914254241192 
1.59 0.019947902463043194 
1.6 0.019577823773879913 
1.61 0.019447629796472327 
1.62 0.019540629322655975 
1.6300000000000001 0.01939434660491122 
1.6400000000000001 0.019010158652996136 
1.6500000000000001 0.018755328940337754 
1.6600000000000001 0.01839593243647349 
1.67 0.017758975939540705 
1.68 0.01682490513417069 
1.69 0.015675045036352118 
1.7 0.014379230987737825 
1.71 0.01316806754982802 
1.72 0.012246685514989416 
1.73 0.011773779400920528 
1.74 0.011744000604995227 
1.75 0.012665166836318503 
1.76 0.014476289473688344 
1.77 0.015955145017165138 
1.78 0.016753813242443967 
1.79 0.017066879035313388 
1.8 0.016864019236226775 
1.81 0.01622106630463138 
1.82 0.015178026680514049 
1.83 0.013818430422481666 
1.84 0.012298022420302307 
1.85 0.010924923474613405 
1.86 0.009789734858788434 
1.87 0.008901174008950673 
1.8800000000000001 0.00820955761598808 
1.8900000000000001 0.007813860193118418 
1.9000000000000001 0.007465312214804405 
1.9100000000000001 0.007171957919462522 
1.92 0.006958346608876717 
1.93 0.006663296832894619 
1.94 0.0066340503978203165 
1.95 0.00676795587881507 
1.96 0.007231407486531457 
1.97 0.007802294874677931 
1.98 0.00832047343338828 
1.99 0.00868651707959847 
2.0 0.00883504590989217 
2.0100000000000002 0.008599573189229133 
2.02 0.008376310857852516 
2.0300000000000002 0.008007805375068922 
2.04 0.007722493535087209 
2.05 0.007503532724810307 
2.06 0.007240866673403125 
2.07 0.0069617786999878846 
2.08 0.006665260706951901 
2.09 0.0064068878149205494 
2.1 0.006212945655643652 
2.11 0.006158563175223705 
2.12 0.006223798511003291 
2.13 0.006381361188020785 
2.14 0.006480517004558602 
2.15 0.006496665941320465 
2.16 0.00638264546225549 
2.17 0.00612721562239119 
2.18 0.006013822593057175 
2.19 0.005831707404849921 
2.2 0.0057924665697196625 
2.21 0.005664215769532525 
2.22 0.005513249540106279 
2.23 0.005318988867572335 
2.24 0.005105389424079549 
2.25 0.0048672293389193 
2.2600000000000002 0.0048957603953110615 
2.27 0.005036056561841242 
2.2800000000000002 0.0055062295404703825 
2.29 0.005988318016160831 
2.3000000000000003 0.0063556698681484815 
2.31 0.006636961870823822 
2.32 0.006796716363461543 
2.33 0.006853270786163354 
2.34 0.006801408846617434 
2.35 0.006613720433036013 
2.36 0.006290323082637092 
2.37 0.005859858480782645 
2.38 0.005422475322134398 
2.39 0.004997614481392236 
2.4 0.004580569198133058 
2.41 0.004136282236872346 
2.42 0.0037920425108161557 
2.43 0.003606065356176668 
2.44 0.0036550414005012666 
2.45 0.0037875004932021706 
2.46 0.0039653254402043795 
2.47 0.004102008502854809 
2.48 0.004244469518051712 
2.49 0.004390676749206419 
2.5 0.004611021837992755 
2.5100000000000002 0.004946528756336346 
2.52 0.00524479596255598 
2.5300000000000002 0.005406173039338956 
2.54 0.005498548933030997 
2.5500000000000003 0.005438756131155767 
2.56 0.005263175106268798 
2.57 0.005008088415099745 
2.58 0.004704785956863671 
2.59 0.004376955860771225 
2.6 0.004063295397855788 
2.61 0.003766142907916031 
2.62 0.0034765522312719243 
2.63 0.00318208637124952 
2.64 0.0030267674361631994 
2.65 0.002908051274425326 
2.66 0.0029155108389950267 
2.67 0.0029599749640212654 
2.68 0.003004871795629368 
2.69 0.0029584401800799532 
2.7 0.0029459505900444206 
2.71 0.00298967309688761 
2.72 0.0030876615169863515 
2.73 0.0032332644795872684 
2.74 0.003479801060649326 
2.75 0.003683520873204652 
2.7600000000000002 0.0038657749157544616 
2.77 0.004051526074049546 
2.7800000000000002 0.004234795935748079 
2.79 0.0043230538174274715 
2.8000000000000003 0.004387632101115012 
2.81 0.004429613285154967 
2.82 0.004441117781192731 
2.83 0.004386662859005809 
2.84 0.004329642771834486 
2.85 0.004170835003726152 
2.86 0.00394331465490029 
2.87 -0.0014268232541496655 
2.88 -0.00041820029321314005 
2.89 0.0009293491496628389 
2.9 0.00261582507447828 
2.91 0.004641227481233192 
2.92 0.0070055563699275725 
2.93 0.009708811740561422 
2.94 0.012750993593134748 
2.95 0.016132101927647538 
2.96 0.019852136744099795 
2.97 0.02391109804249153 
2.98 0.028308985822822725 
2.99 0.03304580008509339 
