#PDF_modus: 1 
#shear?: 1  
0.0 0.21864508538246819 
0.01 0.29714709906160197 
0.02 0.3789137715906433 
0.03 0.4639451029695922 
0.04 0.5522410931984486 
0.05 0.6438017422772127 
0.06 0.7386270502058843 
0.07 0.8367170169844632 
0.08 0.93807164261295 
0.09 1.042690927091344 
0.1 1.150574870419646 
0.11 1.2617234725978552 
0.12 1.37613673362597 
0.13 1.5264403818131487 
0.14 1.5935265826593945 
0.15 1.8126790895300156 
0.16 1.965482687299119 
0.17 2.1004594893255737 
0.18 2.2026128114445935 
0.19 2.2890179514610702 
0.2 2.347692937708806 
0.21 2.375190029963832 
0.22 2.3763356798542437 
0.23 2.4421531656067783 
0.24 2.546056708383343 
0.25 2.555654852538527 
0.26 2.6264113741688675 
0.27 2.8117419634651077 
0.28 2.8520285489454347 
0.29 2.8826680728183014 
0.3 2.83385110020884 
0.31 2.7143065820824543 
0.32 2.6417233267773463 
0.33 2.5370503568611693 
0.34 2.364739673758585 
0.35000000000000003 2.3231277739762364 
0.36 2.4384916054099373 
0.37 2.197347611417859 
0.38 2.0359344375208797 
0.39 2.034712498115141 
0.4 1.874721597323557 
0.41000000000000003 1.722507478041901 
0.42 1.550410989350481 
0.43 1.4038320762585763 
0.44 1.2517931792173553 
0.45 1.103357802107233 
0.46 1.0123189383202509 
0.47000000000000003 0.9382431455526916 
0.48 0.8842214534017565 
0.49 0.8423037047858145 
0.5 0.9292465697167777 
0.51 0.9513456234437045 
0.52 0.9002782005678667 
0.53 0.8154813599490492 
0.54 0.7143034906711795 
0.55 0.7242472116539392 
0.56 0.7181043790423267 
0.5700000000000001 0.6989312957567565 
0.58 0.6413955966351215 
0.59 0.5619505812512318 
0.6 0.4640164935113682 
0.61 0.4255149790815173 
0.62 0.3758829750323666 
0.63 0.32309001665826365 
0.64 0.27277282173304673 
0.65 0.2273515199862098 
0.66 0.19800438121412436 
0.67 0.1795597048998656 
0.68 0.17173352505878245 
0.6900000000000001 0.15208083228690525 
0.7000000000000001 0.14567104963552083 
0.71 0.12820755289024616 
0.72 0.11374444435362209 
0.73 0.09492351809402724 
0.74 0.07867174895345408 
0.75 0.06429958219634378 
0.76 0.050725068206762286 
0.77 0.02329780923497755 
0.78 0.015436450335745495 
0.79 0.04217077688736671 
0.8 0.03492889901547694 
0.81 0.02684901399634274 
0.8200000000000001 0.019700916455856806 
0.8300000000000001 0.027802536908539906 
0.84 0.0280932760082357 
0.85 0.02562106983524582 
0.86 0.022390009396110494 
0.87 0.020794675749940456 
0.88 0.01975945853971727 
0.89 0.01875205959820678 
0.9 0.018030212382828537 
0.91 0.017746404069755018 
0.92 0.015810576798861015 
0.93 0.013756827174186309 
0.9400000000000001 0.012048931798773168 
0.9500000000000001 0.011175070773341567 
0.96 0.012054425665571031 
0.97 0.011751325600951403 
0.98 0.011320918524218598 
0.99 0.010819099491808582 
1.0 0.010325960352525898 
1.01 0.009804310742406976 
1.02 0.009740261716289302 
1.03 0.009499347756934387 
1.04 0.009637154717964485 
1.05 0.008894536943242621 
1.06 0.010151480398231626 
1.07 0.01037548838327698 
1.08 0.010746999718824056 
1.09 0.010986246246754046 
1.1 0.011101215166768373 
1.11 0.011774233815957536 
1.12 0.012773176014119828 
1.1300000000000001 0.013423642633936106 
1.1400000000000001 0.0131835165155204 
1.1500000000000001 0.01371755485491666 
1.16 0.01487344924799706 
1.17 0.015904990415151428 
1.18 0.016914536329318153 
1.19 0.01734085256159594 
1.2 0.01751723040610325 
1.21 0.017383654057888158 
1.22 0.01702716353539156 
1.23 0.01683658814395397 
1.24 0.01685808810319127 
1.25 0.01643403173102892 
1.26 0.01564651351094361 
1.27 0.014751720931486443 
1.28 0.01388019574265986 
1.29 0.012471757540496415 
1.3 0.01241892482015085 
1.31 0.011928922065869171 
1.32 0.011645819134009243 
1.33 0.011481170255882604 
1.34 0.011735562858363805 
1.35 0.012279493038928958 
1.36 0.012756132193927665 
1.37 0.013462622756879655 
1.3800000000000001 0.01485729071186034 
1.3900000000000001 0.017467836669116766 
1.4000000000000001 0.019790614893762357 
1.41 0.021313584915156253 
1.42 0.02240419553927573 
1.43 0.02311491950889664 
1.44 0.02334739499874808 
1.45 0.02313108786957198 
1.46 0.022593754017862528 
1.47 0.02184546738616047 
1.48 0.020809851386060795 
1.49 0.01952708730222108 
1.5 0.017714328910696794 
1.51 0.015621760895892192 
1.52 0.014495855928956516 
1.53 0.014364064717565747 
1.54 0.014938874576025557 
1.55 0.01562119919615032 
1.56 0.016134512194094883 
1.57 0.01673480251289925 
1.58 0.01720018942787402 
1.59 0.01735497573161211 
1.6 0.017260797607111168 
1.61 0.017013159721991102 
1.62 0.01697382434065461 
1.6300000000000001 0.017006272889511318 
1.6400000000000001 0.01686752995313801 
1.6500000000000001 0.016756824581890963 
1.6600000000000001 0.016539575127693357 
1.67 0.016094455394435 
1.68 0.015347517472037097 
1.69 0.014333079344088756 
1.7 0.013105813092507095 
1.71 0.011889297655817982 
1.72 0.010940547395420702 
1.73 0.010455241070857105 
1.74 0.01046460907472015 
1.75 0.011330626067733506 
1.76 0.0131399440511708 
1.77 0.014653182275626769 
1.78 0.015538262580068107 
1.79 0.015971998693420537 
1.8 0.015912119959945775 
1.81 0.015439630942012714 
1.82 0.01459336896678055 
1.83 0.013439263260996231 
1.84 0.012122970894098787 
1.85 0.010946409485178962 
1.86 0.010099622050866354 
1.87 0.009356046262291142 
1.8800000000000001 0.008559016918381152 
1.8900000000000001 0.00806581123130373 
1.9000000000000001 0.007726063752610533 
1.9100000000000001 0.007443158119581065 
1.92 0.007228771938856427 
1.93 0.006892796347018837 
1.94 0.006843275700120275 
1.95 0.006989030911871 
1.96 0.00761841923891657 
1.97 0.00842121664741019 
1.98 0.009141092887399992 
1.99 0.009631109385063355 
2.0 0.009884666385395497 
2.0100000000000002 0.00969826737140009 
2.02 0.009617971859390539 
2.0300000000000002 0.009359879368589551 
2.04 0.009235101807401194 
2.05 0.009191143043605637 
2.06 0.009072136389102842 
2.07 0.008930769099361835 
2.08 0.00878037007797197 
2.09 0.008667520022410063 
2.1 0.008608853542888893 
2.11 0.008688331339628217 
2.12 0.008920084758245869 
2.13 0.009323667922536485 
2.14 0.009611712645936235 
2.15 0.009756567904222739 
2.16 0.009751020613419587 
2.17 0.009561155898620097 
2.18 0.009494977164137955 
2.19 0.009294767888239677 
2.2 0.009244218574770499 
2.21 0.009072723406973354 
2.22 0.008897377320634604 
2.23 0.008663673590124904 
2.24 0.008280706151165973 
2.25 0.007787545338609816 
2.2600000000000002 0.007646087331164465 
2.27 0.007728642401242753 
2.2800000000000002 0.008355005979695882 
2.29 0.009017543792275167 
2.3000000000000003 0.009561563478799455 
2.31 0.010036592480910782 
2.32 0.010387855071041544 
2.33 0.010613604432469542 
2.34 0.010653138173895939 
2.35 0.010462198048984956 
2.36 0.010037566462213657 
2.37 0.009444146331281551 
2.38 0.008908987033345743 
2.39 0.008443638582403707 
2.4 0.00798576429677891 
2.41 0.007489296036372401 
2.42 0.006975393246911195 
2.43 0.0064905493239682845 
2.44 0.006475542389964313 
2.45 0.006673866781117938 
2.46 0.006964140500924717 
2.47 0.007151689829142371 
2.48 0.007235503706011614 
2.49 0.007412835237377755 
2.5 0.007842556640610858 
2.5100000000000002 0.008508593878628413 
2.52 0.008862010615216494 
2.5300000000000002 0.00944578629337121 
2.54 0.009831350195857607 
2.5500000000000003 0.009914617014065352 
2.56 0.009728978122199564 
2.57 0.009268184103500816 
2.58 0.008627307434153474 
2.59 0.008152616625735616 
2.6 0.007848079045794517 
2.61 0.007593107880242602 
2.62 0.007353360753750886 
2.63 0.007020617035550297 
2.64 0.006736592637498447 
2.65 0.006414228652458157 
2.66 0.006167638608629869 
2.67 0.006080790814199168 
2.68 0.006251014677038738 
2.69 0.006218874770917779 
2.7 0.006103727440664321 
2.71 0.005902523690564067 
2.72 0.005667420996005332 
2.73 0.0054898682601396305 
2.74 0.005368628624323831 
2.75 0.005184869103083431 
2.7600000000000002 0.005036180964419404 
2.77 0.005323181453930125 
2.7800000000000002 0.005280427573449597 
2.79 0.005145620003146474 
2.8000000000000003 0.004997826071365312 
2.81 0.004881669311130226 
2.82 0.00497859879330778 
2.83 0.005318823641455768 
2.84 0.005759912249586637 
2.85 0.00602475447268719 
2.86 0.006208304605930994 
2.87 0.00032740587686711387 
2.88 0.0016929121447258957 
2.89 0.003451808064144246 
2.9 0.005604093635122164 
2.91 0.00814976885765966 
2.92 0.011088833731756731 
2.93 0.014421288257413376 
2.94 0.018147132434629606 
2.95 0.022266366263405404 
2.96 0.026778989743740766 
2.97 0.03168500287563573 
2.98 0.03698440565909026 
2.99 0.04267719809410435 
