#PDF_modus: 1 
#shear?: 1  
0.0 0.02374358530170475 
0.01 0.025896428761396355 
0.02 0.0281703444873257 
0.03 0.030565332479492786 
0.04 0.03308139273789761 
0.05 0.03571852526254018 
0.06 0.03847673005342049 
0.07 0.04135600711053854 
0.08 0.04435635643389432 
0.09 0.047477778023487856 
0.1 0.05072027187931913 
0.11 0.05408383800138814 
0.12 0.05756847638969482 
0.13 0.061853902768959024 
0.14 0.06259666130086475 
0.15 0.06889588264379869 
0.16 0.07218864520920287 
0.17 0.07230174899481785 
0.18 0.07456614259417285 
0.19 0.07719885900565039 
0.2 0.07883007706896487 
0.21 0.08160140288217432 
0.22 0.08481329363938583 
0.23 0.0922549765839706 
0.24 0.10089885405016233 
0.25 0.10360154857116755 
0.26 0.1137131527482805 
0.27 0.13280400872449433 
0.28 0.1511635990768846 
0.29 0.16504595120200807 
0.3 0.17776339363679275 
0.31 0.18826401219027436 
0.32 0.19985799305708724 
0.33 0.21433766295984769 
0.34 0.22838119386148548 
0.35000000000000003 0.24478806239362966 
0.36 0.25331179955781685 
0.37 0.2531167413743705 
0.38 0.2536540296752797 
0.39 0.26024272036375734 
0.4 0.2701910527988438 
0.41000000000000003 0.27806246419444375 
0.42 0.2868009927228767 
0.43 0.29471755723683324 
0.44 0.3021330121767724 
0.45 0.304459556307221 
0.46 0.3073002800668992 
0.47000000000000003 0.30096052272449736 
0.48 0.29577280070781115 
0.49 0.30499751575313055 
0.5 0.3345094924356405 
0.51 0.3731303003213145 
0.52 0.4099391331345045 
0.53 0.4200620284426598 
0.54 0.41077070626207757 
0.55 0.4320833743511567 
0.56 0.4686438860555307 
0.5700000000000001 0.5008158911265588 
0.58 0.5126177711547014 
0.59 0.5373161866825684 
0.6 0.5717628182500111 
0.61 0.6045634658384722 
0.62 0.6333151707709814 
0.63 0.6788639820666966 
0.64 0.7283555160275613 
0.65 0.7622462685631592 
0.66 0.7784296571059603 
0.67 0.7741201143769909 
0.68 0.7675845760565267 
0.6900000000000001 0.7550792350576581 
0.7000000000000001 0.7319316764659622 
0.71 0.6931783718128718 
0.72 0.6879954550429054 
0.73 0.7075126878460619 
0.74 0.7365300222770186 
0.75 0.7782712739341358 
0.76 0.8479157631120471 
0.77 0.892046376740761 
0.78 0.9275111835699468 
0.79 1.0380431121336948 
0.8 1.0866007920903982 
0.81 1.0814667678027081 
0.8200000000000001 1.149338761526687 
0.8300000000000001 1.2474316456097672 
0.84 1.3378496776104851 
0.85 1.432653495967528 
0.86 1.5473722320167664 
0.87 1.6577622471659363 
0.88 1.7478678564116632 
0.89 1.8451172487273952 
0.9 1.9449102612826696 
0.91 2.028077889248397 
0.92 2.064686137511379 
0.93 2.0674012139298523 
0.9400000000000001 2.0619397770576287 
0.9500000000000001 2.039979550794796 
0.96 2.004693386195356 
0.97 1.9435697119166946 
0.98 1.8835311566766757 
0.99 1.820259264056738 
1.0 1.7739610968058153 
1.01 1.6834417361393486 
1.02 1.5631819535405034 
1.03 1.4495383519228924 
1.04 1.2871014382493184 
1.05 1.1832517041795654 
1.06 1.1758982720608822 
1.07 1.1165472565164007 
1.08 1.0520121341124558 
1.09 1.0063350706314194 
1.1 1.0100241584996703 
1.11 1.0155407223312198 
1.12 1.0419556360496167 
1.1300000000000001 1.0844660824076517 
1.1400000000000001 1.101549776568059 
1.1500000000000001 1.1044610950035254 
1.16 1.0931414728776532 
1.17 1.0939887644386588 
1.18 1.089242893448327 
1.19 1.048181322049522 
1.2 0.9884592951955693 
1.21 0.9320226736415866 
1.22 0.8834925180269778 
1.23 0.833716657612205 
1.24 0.7939290157980688 
1.25 0.7339650986477594 
1.26 0.6616445481934145 
1.27 0.6004364678561107 
1.28 0.5545280054957251 
1.29 0.5205661060841452 
1.3 0.4773503739241513 
1.31 0.40974872643585797 
1.32 0.35122598480954637 
1.33 0.3183031273849901 
1.34 0.31615754909231764 
1.35 0.288869405135055 
1.36 0.26085282264769066 
1.37 0.24088207008893617 
1.3800000000000001 0.23755063851747127 
1.3900000000000001 0.2570833911848769 
1.4000000000000001 0.2676036072607592 
1.41 0.2628830726679087 
1.42 0.2540188744510692 
1.43 0.24131499145492785 
1.44 0.2234129661676577 
1.45 0.20247258297157977 
1.46 0.18118811867708 
1.47 0.1631901607071074 
1.48 0.14713193980054562 
1.49 0.1330915002082926 
1.5 0.11904021295223242 
1.51 0.10473028913399185 
1.52 0.0923444250347503 
1.53 0.08236094823412321 
1.54 0.07378188780597342 
1.55 0.06589698841806738 
1.56 0.05878141239996705 
1.57 0.053565615574878656 
1.58 0.04975462406538306 
1.59 0.0467704728563686 
1.6 0.04482759938467739 
1.61 0.044328322904191995 
1.62 0.04461734380945494 
1.6300000000000001 0.04459265380684542 
1.6400000000000001 0.04367468737910192 
1.6500000000000001 0.04268374360468029 
1.6600000000000001 0.041288616960799426 
1.67 0.039181876065485184 
1.68 0.036466131127034826 
1.69 0.03340468507999145 
1.7 0.030317767434180104 
1.71 0.027515297857117798 
1.72 0.025325696140452256 
1.73 0.02400686207329122 
1.74 0.023435131347965505 
1.75 0.024269551457964788 
1.76 0.026136484909957167 
1.77 0.027503160068801415 
1.78 0.02800449036704784 
1.79 0.027945182370511305 
1.8 0.02726778785936173 
1.81 0.026045521631182792 
1.82 0.024355551455051368 
1.83 0.02229814230809405 
1.84 0.020153528016340343 
1.85 0.018284282139151127 
1.86 0.0168301408005494 
1.87 0.01588970880519007 
1.8800000000000001 0.014854395367102232 
1.8900000000000001 0.013999546681572921 
1.9000000000000001 0.01322767864937943 
1.9100000000000001 0.012552246956287346 
1.92 0.012008269901044187 
1.93 0.011459415959595109 
1.94 0.011258861743632338 
1.95 0.011331390717547771 
1.96 0.01179167200547334 
1.97 0.012371948626950131 
1.98 0.012862245389038341 
1.99 0.013149900829728153 
2.0 0.013155295304354536 
2.0100000000000002 0.012683181115655506 
2.02 0.012172890684764228 
2.0300000000000002 0.011502579998949927 
2.04 0.010943500743227726 
2.05 0.01043985655430075 
2.06 0.009892251309012065 
2.07 0.009337123686226727 
2.08 0.008788773173827938 
2.09 0.008320126997226004 
2.1 0.007967429272483414 
2.11 0.007795243763389284 
2.12 0.007750869855077522 
2.13 0.007789981691782903 
2.14 0.007794685585562693 
2.15 0.007769142689506538 
2.16 0.007651757074341773 
2.17 0.007405433022230355 
2.18 0.0072969748847097945 
2.19 0.0071201250489830925 
2.2 0.007028751895742999 
2.21 0.006825803826232875 
2.22 0.006571545139616266 
2.23 0.00627777788918108 
2.24 0.00597183390356587 
2.25 0.005729888959386469 
2.2600000000000002 0.005850906087993086 
2.27 0.006103896656192436 
2.2800000000000002 0.006659314297503016 
2.29 0.007164644750151869 
2.3000000000000003 0.007528252950630625 
2.31 0.007783101205257283 
2.32 0.007892602113466417 
2.33 0.007883194240489904 
2.34 0.007759810187819157 
2.35 0.007541498570531816 
2.36 0.007235293234312599 
2.37 0.006853074154078185 
2.38 0.006415333253565775 
2.39 0.005979348982534736 
2.4 0.005532391849153107 
2.41 0.005069503142811161 
2.42 0.004680816008888256 
2.43 0.004409533287274076 
2.44 0.004299564430842264 
2.45 0.004335916709380375 
2.46 0.004480274572148642 
2.47 0.004666961082559069 
2.48 0.0049198796753953675 
2.49 0.0052368628224063575 
2.5 0.005579616926148878 
2.5100000000000002 0.005963333828900133 
2.52 0.006274163969994175 
2.5300000000000002 0.006413464746068047 
2.54 0.006421335455258213 
2.5500000000000003 0.006262349124437108 
2.56 0.005976606030164342 
2.57 0.005616026567840601 
2.58 0.005237493886237428 
2.59 0.004867973167872875 
2.6 0.004516376881201472 
2.61 0.0041615247071983144 
2.62 0.0037911173807302218 
2.63 0.003441185861599944 
2.64 0.003202656231557629 
2.65 0.003019217144128803 
2.66 0.0029592014320153973 
2.67 0.0029740912902227277 
2.68 0.0030570323817682814 
2.69 0.0031827124335208094 
2.7 0.0033527411255674616 
2.71 0.0035717609917619185 
2.72 0.0038243320222713082 
2.73 0.004092013461621244 
2.74 0.004413528928512563 
2.75 0.004685121287548141 
2.7600000000000002 0.004915403188654121 
2.77 0.00509993001451068 
2.7800000000000002 0.005243460687291051 
2.79 0.00528631120332484 
2.8000000000000003 0.005251093539875772 
2.81 0.005185145298054764 
2.82 0.005133664040123435 
2.83 0.005052085316793336 
2.84 0.004946437939291255 
2.85 0.004742248484854363 
2.86 0.004457627503602516 
2.87 -0.0029839584707057575 
2.88 -0.001562061402678002 
2.89 0.0003439029818004466 
2.9 0.002733934682729604 
2.91 0.005608033700109462 
2.92 0.008966200033940032 
2.93 0.012808433684221302 
2.94 0.017134734650953276 
2.95 0.021945102934135957 
2.96 0.027239538533769342 
2.97 0.03301804144985343 
2.98 0.03928061168238825 
2.99 0.04602724923137375 
