#PDF_modus: 1 
#shear?: 1  
0.0 0.016890876236417836 
0.01 0.01774558039289338 
0.02 0.018961475068062672 
0.03 0.020538560261925708 
0.04 0.022476835974482485 
0.05 0.024776302205733007 
0.06 0.027436958955677274 
0.07 0.030458806224315287 
0.08 0.03384184401164704 
0.09 0.03758607231767254 
0.1 0.04169149114239178 
0.11 0.04615810048580477 
0.12 0.050985900347911436 
0.13 0.05736130766566169 
0.14 0.06001750454973139 
0.15 0.06952239592656839 
0.16 0.07692982756800806 
0.17 0.0820763181229353 
0.18 0.08870654631811939 
0.19 0.09364503463962187 
0.2 0.09543836881775118 
0.21 0.09589753333449774 
0.22 0.09785692196732106 
0.23 0.10514031704428026 
0.24 0.11616755640939633 
0.25 0.12435784404405174 
0.26 0.13180434661759788 
0.27 0.14733026743991792 
0.28 0.16410874756729077 
0.29 0.17574414772649863 
0.3 0.1884057838442423 
0.31 0.1994519709593063 
0.32 0.2068526514213541 
0.33 0.21458451843088125 
0.34 0.22136768276886115 
0.35000000000000003 0.23067857526249086 
0.36 0.2412086525723242 
0.37 0.24247549044676192 
0.38 0.24596150214789492 
0.39 0.2576336139189731 
0.4 0.27046258718718164 
0.41000000000000003 0.279069610667865 
0.42 0.2902251168323239 
0.43 0.30600086443626523 
0.44 0.32435321312928594 
0.45 0.3441807160854635 
0.46 0.37566852116336324 
0.47000000000000003 0.37141082132634323 
0.48 0.36225274211153197 
0.49 0.3901903670423049 
0.5 0.4626424196809032 
0.51 0.5588500136343125 
0.52 0.6661211421409224 
0.53 0.750860064049776 
0.54 0.7044950000675266 
0.55 0.7350449573959826 
0.56 0.8752834359253745 
0.5700000000000001 1.0198287205510106 
0.58 1.1229951761156889 
0.59 1.2758571797580496 
0.6 1.4468711042693925 
0.61 1.632390875966773 
0.62 1.8156402854555793 
0.63 2.007447613887877 
0.64 2.213899214672542 
0.65 2.390010431514935 
0.66 2.5041502042748083 
0.67 2.5249725475591345 
0.68 2.5413974292928367 
0.6900000000000001 2.5334381002156237 
0.7000000000000001 2.4659305683439174 
0.71 2.3448215177744136 
0.72 2.292304075714982 
0.73 2.2862491437510086 
0.74 2.271304643927699 
0.75 2.282452827790879 
0.76 2.2779834664197645 
0.77 2.154030456526889 
0.78 1.9971605776475827 
0.79 2.0614649399078235 
0.8 2.076747130040898 
0.81 1.97008915250703 
0.8200000000000001 1.9412189833591182 
0.8300000000000001 1.9877462363502918 
0.84 2.0237656300432536 
0.85 2.049213424147319 
0.86 2.0744135910341415 
0.87 2.089770840301822 
0.88 2.067414262160244 
0.89 1.986850981754775 
0.9 1.8586258445810053 
0.91 1.7168723342459564 
0.92 1.6146874943986205 
0.93 1.4790649802551115 
0.9400000000000001 1.3208451200810578 
0.9500000000000001 1.1933006691074162 
0.96 1.113700625763479 
0.97 1.032913787525688 
0.98 0.9592207790968235 
0.99 0.9085922857011677 
1.0 0.8058751768642054 
1.01 0.6544564757025995 
1.02 0.5522124168603438 
1.03 0.473824043153351 
1.04 0.3377129082095681 
1.05 0.24820155089824908 
1.06 0.2502321141369287 
1.07 0.2131190278515419 
1.08 0.18066546102997794 
1.09 0.15223023129450414 
1.1 0.13801198244671337 
1.11 0.1226512791170794 
1.12 0.11292063196506798 
1.1300000000000001 0.11949569823738428 
1.1400000000000001 0.12397803772258753 
1.1500000000000001 0.12376960115916125 
1.16 0.11732643782243515 
1.17 0.11132941353286692 
1.18 0.10213735943129529 
1.19 0.09119904485451052 
1.2 0.08201337532302617 
1.21 0.07450954550029257 
1.22 0.0680980608332214 
1.23 0.06273699017041659 
1.24 0.05792904868348243 
1.25 0.05190390751833214 
1.26 0.04402987471081041 
1.27 0.036990892437108486 
1.28 0.0317937044040481 
1.29 0.028243886938195906 
1.3 0.026641590749560476 
1.31 0.022242273363630143 
1.32 0.01846581593145444 
1.33 0.016810169149023394 
1.34 0.016880262343631616 
1.35 0.016503274406532178 
1.36 0.015973715726936663 
1.37 0.01651531216857635 
1.3800000000000001 0.018525747153195746 
1.3900000000000001 0.022808959612072084 
1.4000000000000001 0.02606561366608738 
1.41 0.027890799301134667 
1.42 0.02911912987605382 
1.43 0.02975904607490729 
1.44 0.029686196388182488 
1.45 0.029011669764709203 
1.46 0.027893652600898003 
1.47 0.026470351042275863 
1.48 0.02476757661769963 
1.49 0.022926859494302128 
1.5 0.02097342447166125 
1.51 0.018964478752723123 
1.52 0.017314454649347034 
1.53 0.016015194016899693 
1.54 0.014766766296780235 
1.55 0.013446330770105487 
1.56 0.012138825766286238 
1.57 0.01111546606964742 
1.58 0.01043040759068678 
1.59 0.009690628794853468 
1.6 0.009027424845464307 
1.61 0.008623088865531247 
1.62 0.008479601818509644 
1.6300000000000001 0.008469255678595668 
1.6400000000000001 0.008375780454272773 
1.6500000000000001 0.008267636329191884 
1.6600000000000001 0.008089556787713725 
1.67 0.007755945238896335 
1.68 0.007312004921669964 
1.69 0.006866884914718576 
1.7 0.006449243673757253 
1.71 0.006076527243233026 
1.72 0.005796282558541066 
1.73 0.005683522482095565 
1.74 0.005754251708525054 
1.75 0.00614857626262888 
1.76 0.006787423815894566 
1.77 0.0072586521360950606 
1.78 0.007456466917871443 
1.79 0.0074529718423809194 
1.8 0.007257506135313181 
1.81 0.006891414249762395 
1.82 0.006371874106096669 
1.83 0.0057341277209484905 
1.84 0.005055570987654612 
1.85 0.0044317523829654325 
1.86 0.003923788871149246 
1.87 0.003577418076791696 
1.8800000000000001 0.0032165859720892035 
1.8900000000000001 0.002892057756170089 
1.9000000000000001 0.0026053910914426793 
1.9100000000000001 0.002363417319123214 
1.92 0.0021697841342388914 
1.93 0.002001341846364949 
1.94 0.0019238937650244354 
1.95 0.001920299052747149 
1.96 0.002019790199988653 
1.97 0.002190386116360098 
1.98 0.0023772261137773912 
1.99 0.002520523314495998 
2.0 0.0025935128655505736 
2.0100000000000002 0.0025658673236366304 
2.02 0.0025382660315398458 
2.0300000000000002 0.0024782829278346677 
2.04 0.002437582731906226 
2.05 0.002399111056982062 
2.06 0.002340734644720031 
2.07 0.0022674365765500914 
2.08 0.002178140736841356 
2.09 0.002086734532224511 
2.1 0.0019996102178754943 
2.11 0.0019319819348133128 
2.12 0.0018801168388882657 
2.13 0.0018384034436702925 
2.14 0.0017924172710300503 
2.15 0.001732017017396888 
2.16 0.0016334573743627136 
2.17 0.0014925392946931622 
2.18 0.0013710124521616146 
2.19 0.0012465078810174274 
2.2 0.001169133846349373 
2.21 0.0011002784088785756 
2.22 0.00103359324574271 
2.23 0.0009675423268930508 
2.24 0.0009098094772314598 
2.25 0.0008628572019745118 
2.2600000000000002 0.0008844332846256699 
2.27 0.0009457011643499817 
2.2800000000000002 0.0010934780948378398 
2.29 0.0012317998407180776 
2.3000000000000003 0.0013403387328437548 
2.31 0.0014259972864713619 
2.32 0.001481834225160416 
2.33 0.001509753539881109 
2.34 0.001505781727353967 
2.35 0.001470258589300775 
2.36 0.0014071523733708666 
2.37 0.0013230406512595764 
2.38 0.0012336100525867431 
2.39 0.0011367287715257602 
2.4 0.0010388548493865675 
2.41 0.0009547605856716305 
2.42 0.0009021411069996358 
2.43 0.0008787083209791219 
2.44 0.0009223847332570663 
2.45 0.0009896041168506284 
2.46 0.0010647156203652931 
2.47 0.0011236682627143743 
2.48 0.0011758150703058484 
2.49 0.0012231371837319786 
2.5 0.0012846364450410414 
2.5100000000000002 0.0013789038458238586 
2.52 0.001458986504898062 
2.5300000000000002 0.0014841517742607844 
2.54 0.0014722858612901558 
2.5500000000000003 0.0014230247138446238 
2.56 0.0013411102528939007 
2.57 0.0012340036816742494 
2.58 0.0011136646818753326 
2.59 0.0010047191565625245 
2.6 0.0009167010702234855 
2.61 0.0008454312066300728 
2.62 0.0007905614727728892 
2.63 0.000742178013808152 
2.64 0.0007159442239579785 
2.65 0.0007127429968868696 
2.66 0.0007328140115144155 
2.67 0.0007631420732131201 
2.68 0.0008144581406163271 
2.69 0.0008449561484864679 
2.7 0.0008850507512677699 
2.71 0.0009432923431640002 
2.72 0.0010182609389511909 
2.73 0.001106035711936063 
2.74 0.0012076199225383424 
2.75 0.0012915049804418262 
2.7600000000000002 0.0013602004790382201 
2.77 0.0014130549267538013 
2.7800000000000002 0.00144935467460411 
2.79 0.0014612583272181426 
2.8000000000000003 0.001455467858205501 
2.81 0.0014388297450925714 
2.82 0.0014186972636036476 
2.83 0.0013950094952884403 
2.84 0.0013543975412059228 
2.85 0.0012822075648779385 
2.86 0.0011832465883291317 
2.87 -0.001724164997479058 
2.88 -0.0011586562788519564 
2.89 -0.00040249174531445907 
2.9 0.0005443286031334408 
2.91 0.0016818047664917419 
2.92 0.003009936744760444 
2.93 0.004528724537939547 
2.94 0.006238168146029047 
2.95 0.008138267569028952 
2.96 0.010229022806939258 
2.97 0.012510433859759964 
2.98 0.014982500727491072 
2.99 0.017645223410132582 
